par-text-partials-format
point-type time frequency amplitude
partials-count 82
partials-data
0 39 0.000000 0.474785
0.000000 2379.079102 0.013198 0.012494 2383.365234 0.024298 0.024989 2384.254150 0.034271 0.037483 2383.292969 0.037419 0.049977 2377.766113 0.032814 0.062472 2377.377197 0.024759 0.074966 2403.946045 0.018745 0.087460 2376.883789 0.027066 0.099955 2360.699463 0.061851 0.112449 2362.435791 0.085176 0.124943 2363.308105 0.107659 0.137438 2363.823730 0.132856 0.149932 2363.433105 0.155996 0.162426 2362.579102 0.167371 0.174921 2361.972168 0.160106 0.187415 2361.164062 0.135687 0.199909 2359.458740 0.106768 0.212404 2358.398926 0.084658 0.224898 2360.674561 0.064359 0.237392 2370.631592 0.055565 0.249887 2376.471924 0.050559 0.262381 2377.846436 0.044966 0.274875 2373.172363 0.047534 0.287370 2360.480469 0.099533 0.299864 2363.651367 0.159249 0.312358 2365.757324 0.198342 0.324853 2368.473389 0.198873 0.337347 2372.101562 0.170762 0.349841 2374.344482 0.146347 0.362336 2374.652832 0.122644 0.374830 2361.797852 0.097053 0.387324 2358.119141 0.086472 0.399819 2386.237061 0.076142 0.412313 2378.800049 0.084637 0.424807 2376.608887 0.076186 0.437302 2373.667480 0.056778 0.449796 2370.218506 0.059247 0.462290 2350.281982 0.140017 0.474785 2350.281982 0.000000
1 6 0.000000 0.087460
0.000000 2340.800537 0.014829 0.012494 2343.487305 0.024656 0.024989 2346.259521 0.027699 0.037483 2349.330322 0.022582 0.074966 2357.339600 0.024106 0.087460 2357.339600 0.000000
2 33 0.000000 0.399819
0.000000 2140.195312 0.017998 0.012494 2145.033447 0.036084 0.024989 2145.255859 0.059357 0.037483 2143.970947 0.083642 0.049977 2142.744873 0.102209 0.062472 2143.230469 0.105668 0.074966 2144.883301 0.096227 0.087460 2146.292725 0.084028 0.099955 2146.471436 0.072588 0.112449 2144.696533 0.059980 0.124943 2141.530518 0.047270 0.137438 2139.557617 0.037256 0.149932 2138.891602 0.032687 0.162426 2139.109863 0.032561 0.174921 2139.871338 0.031709 0.187415 2139.714600 0.027039 0.199909 2138.447021 0.021074 0.212404 2137.349365 0.018127 0.224898 2136.996582 0.020255 0.237392 2138.673096 0.026774 0.249887 2142.948486 0.036346 0.262381 2145.993652 0.047199 0.274875 2146.436768 0.053576 0.287370 2146.405273 0.055367 0.299864 2147.070312 0.053120 0.312358 2148.769775 0.047007 0.324853 2150.869873 0.038773 0.337347 2152.801270 0.030952 0.349841 2153.529053 0.024591 0.362336 2151.472412 0.019026 0.374830 2147.374268 0.014799 0.387324 2143.013916 0.011121 0.399819 2143.013916 0.000000
3 19 0.000000 0.224898
0.000000 2112.720459 0.016020 0.012494 2106.759521 0.028482 0.024989 2103.057373 0.031920 0.037483 2093.889648 0.026599 0.049977 2090.456543 0.019302 0.062472 2083.888428 0.016351 0.074966 2077.439941 0.024142 0.087460 2077.964600 0.031000 0.099955 2079.538330 0.033097 0.112449 2079.535156 0.028617 0.124943 2075.561279 0.020718 0.137438 2072.617432 0.017761 0.149932 2072.394531 0.020426 0.162426 2072.916992 0.025071 0.174921 2073.233398 0.026511 0.187415 2073.843018 0.023252 0.199909 2075.232666 0.018212 0.212404 2078.819092 0.013267 0.224898 2078.819092 0.000000
4 82 0.000000 1.012041
0.000000 1827.029785 0.030595 0.012494 1824.592651 0.064289 0.024989 1821.347778 0.101306 0.037483 1818.356323 0.128551 0.049977 1816.626953 0.134211 0.062472 1816.604004 0.114548 0.074966 1819.799438 0.080446 0.087460 1824.765625 0.055229 0.099955 1823.819946 0.036222 0.112449 1815.741455 0.034360 0.124943 1813.568848 0.046183 0.137438 1814.377808 0.056209 0.149932 1814.146973 0.061471 0.162426 1812.714600 0.059052 0.174921 1810.899658 0.050757 0.187415 1809.600220 0.043223 0.199909 1809.655884 0.043020 0.212404 1810.885376 0.048397 0.224898 1812.629761 0.048413 0.237392 1818.792969 0.036897 0.249887 1801.085083 0.023877 0.262381 1806.302002 0.024483 0.274875 1821.117920 0.059727 0.287370 1819.675415 0.070380 0.299864 1819.127930 0.062193 0.312358 1824.824341 0.039242 0.324853 1829.452759 0.030054 0.337347 1830.179077 0.035917 0.349841 1830.916138 0.045232 0.362336 1833.428467 0.047796 0.374830 1832.212036 0.047602 0.387324 1813.212646 0.054286 0.399819 1823.030273 0.090032 0.412313 1825.171631 0.101475 0.424807 1828.209717 0.097672 0.437302 1828.563110 0.089067 0.449796 1825.165527 0.081328 0.462290 1818.684204 0.084971 0.474785 1816.045898 0.090825 0.487279 1815.394897 0.092993 0.499773 1814.609619 0.087835 0.512268 1811.594360 0.075183 0.524762 1811.162476 0.063856 0.537256 1815.056519 0.060826 0.549751 1819.380859 0.070513 0.562245 1814.485718 0.067385 0.574739 1808.908691 0.070679 0.587234 1806.958252 0.075626 0.599728 1809.183960 0.073061 0.612222 1814.041748 0.073834 0.624717 1817.855469 0.084450 0.637211 1817.703857 0.083548 0.649705 1809.285767 0.071233 0.662200 1804.744019 0.066593 0.674694 1802.200806 0.057089 0.687188 1801.089966 0.045895 0.699683 1801.879272 0.037712 0.712177 1802.566162 0.034986 0.724671 1800.544678 0.036526 0.737166 1799.038330 0.042178 0.749660 1800.885376 0.046781 0.762154 1805.421509 0.049611 0.774649 1809.496948 0.049724 0.787143 1823.647705 0.042354 0.799637 1829.315308 0.040738 0.812132 1830.557617 0.035798 0.824626 1829.076294 0.027667 0.837120 1828.780884 0.018436 0.849615 1830.102905 0.010886 0.862109 1806.404175 0.011671 0.874603 1808.618042 0.021032 0.887097 1810.603271 0.035610 0.899592 1811.552856 0.051063 0.912086 1810.802612 0.059934 0.924581 1810.053467 0.060613 0.937075 1810.157227 0.058157 0.949569 1811.184937 0.059019 0.962063 1812.910400 0.065771 0.974558 1814.602783 0.075185 0.987052 1815.333496 0.077851 0.999546 1815.334717 0.066423 1.012041 1815.140259 0.043494
5 26 0.000000 0.312358
0.000000 1696.504028 0.010871 0.012494 1696.590942 0.021800 0.024989 1698.547974 0.031071 0.037483 1701.476318 0.035784 0.049977 1703.451416 0.038260 0.062472 1703.731934 0.039723 0.074966 1703.264160 0.040343 0.087460 1703.171509 0.040311 0.099955 1702.747437 0.040578 0.112449 1701.678589 0.041457 0.124943 1701.004028 0.040605 0.137438 1701.178833 0.036323 0.149932 1701.040161 0.030227 0.162426 1699.934448 0.024351 0.174921 1698.353271 0.019283 0.187415 1696.975220 0.014800 0.199909 1696.694824 0.011911 0.212404 1698.145020 0.011914 0.224898 1701.105103 0.015090 0.237392 1703.379883 0.019124 0.249887 1705.209351 0.020978 0.262381 1706.750610 0.020337 0.274875 1706.194946 0.018043 0.287370 1703.562744 0.015723 0.299864 1700.141357 0.013244 0.312358 1700.141357 0.000000
6 7 0.000000 0.074966
0.000000 1376.327881 0.011402 0.012494 1377.365967 0.018076 0.024989 1381.956177 0.020150 0.037483 1384.265503 0.017844 0.049977 1381.708374 0.012462 0.062472 1361.313721 0.010771 0.074966 1361.313721 0.000000
7 6 0.000000 0.062472
0.000000 1322.057495 0.022031 0.012494 1320.955933 0.043381 0.024989 1347.962769 0.019656 0.037483 1351.262573 0.019604 0.049977 1353.108765 0.014905 0.062472 1353.108765 0.000000
8 79 0.000000 0.999546
0.000000 1271.810547 0.012986 0.012494 1284.204346 0.018051 0.024989 1287.406494 0.017728 0.037483 1292.170898 0.015307 0.049977 1318.073364 0.098632 0.062472 1317.808472 0.109435 0.074966 1317.969482 0.111602 0.087460 1318.018677 0.106008 0.099955 1317.887451 0.096478 0.112449 1317.630859 0.085968 0.124943 1317.569946 0.075161 0.137438 1318.327515 0.063570 0.149932 1319.699707 0.052223 0.162426 1319.660278 0.042743 0.174921 1317.198608 0.037745 0.187415 1314.892700 0.040181 0.199909 1314.537476 0.046826 0.212404 1315.319336 0.055270 0.224898 1315.994019 0.063898 0.237392 1316.317993 0.070579 0.249887 1316.629150 0.072419 0.262381 1317.508545 0.067330 0.274875 1319.091553 0.057837 0.287370 1320.373047 0.049254 0.299864 1320.811401 0.044005 0.312358 1321.302246 0.042043 0.324853 1321.835571 0.044292 0.337347 1320.684937 0.051654 0.349841 1317.757446 0.064188 0.362336 1315.835449 0.076402 0.374830 1315.944824 0.078266 0.387324 1317.489990 0.068173 0.399819 1321.262817 0.051643 0.412313 1325.656738 0.044121 0.424807 1326.877319 0.052240 0.437302 1325.135742 0.068815 0.449796 1323.468018 0.081483 0.462290 1324.524780 0.079120 0.474785 1325.964600 0.071504 0.487279 1325.600708 0.070008 0.499773 1323.535767 0.075037 0.512268 1322.269653 0.075356 0.524762 1323.285889 0.062598 0.537256 1324.535522 0.044833 0.549751 1323.954834 0.030691 0.562245 1322.796875 0.023043 0.574739 1324.518066 0.020477 0.587234 1324.404663 0.022677 0.599728 1316.401367 0.029549 0.612222 1312.899658 0.043833 0.624717 1312.144653 0.057480 0.637211 1311.421875 0.070071 0.649705 1310.125366 0.076341 0.662200 1308.518799 0.073450 0.674694 1308.362671 0.064391 0.687188 1310.568115 0.055341 0.699683 1314.364746 0.051668 0.712177 1316.906250 0.049683 0.724671 1317.536133 0.047205 0.737166 1317.185913 0.046836 0.749660 1315.761108 0.047931 0.762154 1314.658936 0.048257 0.774649 1314.297852 0.044341 0.787143 1309.882690 0.033540 0.799637 1304.621460 0.029700 0.812132 1306.107544 0.032186 0.824626 1314.346802 0.045533 0.837120 1315.459106 0.058084 0.849615 1315.161987 0.058435 0.862109 1314.775757 0.048540 0.874603 1308.579346 0.030901 0.887097 1303.952026 0.025053 0.899592 1305.831543 0.026665 0.912086 1318.400879 0.036668 0.924581 1315.858398 0.034259 0.937075 1313.305542 0.022608 0.949569 1309.625122 0.012575 0.987052 1311.310669 0.010371 0.999546 1310.964478 0.010012
9 55 0.000000 0.674694
0.000000 1223.265869 0.021166 0.012494 1214.458496 0.032750 0.024989 1212.752563 0.036369 0.037483 1212.048950 0.038315 0.049977 1210.565308 0.052195 0.062472 1208.019287 0.072352 0.074966 1206.712036 0.074022 0.087460 1194.303345 0.055674 0.099955 1190.842896 0.043020 0.112449 1194.549194 0.029570 0.124943 1203.645386 0.032806 0.137438 1213.754028 0.031044 0.149932 1217.955933 0.029428 0.162426 1217.697876 0.024213 0.174921 1187.511963 0.037840 0.187415 1185.093872 0.034980 0.199909 1182.220825 0.030999 0.212404 1179.258301 0.028066 0.224898 1176.752075 0.028566 0.237392 1176.827148 0.033330 0.249887 1179.348389 0.041205 0.262381 1181.683960 0.047156 0.274875 1179.167114 0.043116 0.287370 1176.325806 0.038833 0.299864 1177.624878 0.039462 0.312358 1184.239380 0.048678 0.324853 1186.030151 0.056179 0.337347 1185.917847 0.050324 0.349841 1189.178833 0.035321 0.362336 1194.382080 0.028130 0.374830 1194.086792 0.030461 0.387324 1190.378418 0.037822 0.399819 1191.669800 0.038616 0.412313 1195.077148 0.032305 0.424807 1196.443359 0.024824 0.437302 1199.358643 0.018862 0.449796 1201.412231 0.017837 0.462290 1199.256348 0.019906 0.474785 1188.054199 0.023966 0.487279 1180.559326 0.019567 0.499773 1176.032837 0.014960 0.512268 1175.070190 0.013541 0.524762 1174.714233 0.014356 0.537256 1173.724365 0.017128 0.549751 1174.639038 0.022186 0.562245 1177.015381 0.029141 0.574739 1177.958740 0.034127 0.587234 1176.991089 0.034336 0.599728 1176.406006 0.032618 0.612222 1177.232666 0.030376 0.624717 1176.573242 0.025167 0.637211 1172.501099 0.019765 0.649705 1173.088379 0.016749 0.662200 1193.904053 0.024557 0.674694 1193.904053 0.000000
10 7 0.000000 0.074966
0.000000 1189.875732 0.018730 0.012494 1187.232178 0.033272 0.024989 1184.441772 0.041782 0.037483 1184.767456 0.039586 0.049977 1175.108154 0.027805 0.062472 1172.888062 0.027846 0.074966 1172.888062 0.000000
11 82 0.000000 1.012041
0.000000 881.351440 0.032211 0.012494 875.241211 0.063338 0.024989 902.180420 0.049669 0.037483 899.327576 0.068352 0.049977 875.132141 0.223960 0.062472 877.393250 0.258993 0.074966 877.814697 0.260329 0.087460 877.705444 0.246159 0.099955 877.526245 0.237437 0.112449 877.181580 0.235023 0.124943 877.020142 0.230873 0.137438 877.308533 0.221615 0.149932 877.624573 0.210225 0.162426 877.659119 0.199624 0.174921 877.652222 0.189429 0.187415 877.674500 0.176614 0.199909 877.395996 0.159408 0.212404 876.867188 0.141636 0.224898 876.828552 0.131915 0.237392 877.543884 0.136812 0.249887 878.488220 0.153334 0.262381 878.774231 0.168633 0.274875 878.164490 0.172342 0.287370 877.164429 0.165165 0.299864 876.450806 0.153497 0.312358 876.342102 0.142551 0.324853 876.849365 0.132771 0.337347 877.731934 0.118237 0.349841 878.250732 0.089709 0.362336 869.709290 0.057945 0.374830 867.303040 0.053672 0.387324 869.751648 0.060636 0.399819 871.882874 0.067916 0.412313 869.740356 0.064750 0.424807 870.092896 0.065113 0.437302 873.559875 0.079660 0.449796 876.789124 0.106086 0.462290 878.161316 0.125669 0.474785 878.848450 0.131642 0.487279 878.440308 0.123009 0.499773 877.891052 0.106957 0.512268 878.752136 0.091558 0.524762 880.673523 0.081487 0.537256 881.386353 0.072750 0.549751 879.528015 0.060932 0.562245 875.701599 0.052394 0.574739 873.703125 0.053902 0.587234 874.157166 0.064916 0.599728 875.762329 0.081896 0.612222 877.110474 0.093636 0.624717 878.881897 0.088995 0.637211 882.893127 0.070113 0.649705 886.286926 0.053789 0.662200 885.978271 0.046423 0.674694 882.602295 0.051555 0.687188 879.664062 0.064808 0.699683 878.076599 0.075798 0.712177 877.199463 0.079776 0.724671 876.994690 0.075282 0.737166 877.549438 0.064305 0.749660 879.932190 0.050800 0.762154 883.416382 0.043174 0.774649 884.529114 0.044726 0.787143 883.514709 0.053410 0.799637 882.084045 0.064947 0.812132 881.001648 0.072476 0.824626 879.790405 0.072745 0.837120 878.469543 0.065674 0.849615 876.690247 0.053041 0.862109 873.553162 0.040433 0.874603 871.492188 0.034667 0.887097 872.392700 0.035720 0.899592 875.532349 0.042757 0.912086 878.060242 0.051523 0.924581 879.785461 0.057826 0.937075 880.959290 0.061694 0.949569 881.424072 0.064538 0.962063 881.412537 0.068079 0.974558 881.197815 0.072339 0.987052 880.914551 0.072703 0.999546 880.591919 0.062479 1.012041 880.247864 0.041296
12 11 0.000000 0.124943
0.000000 783.126770 0.060505 0.012494 785.526123 0.102127 0.024989 785.927612 0.115339 0.037483 785.348999 0.094200 0.049977 783.891357 0.062989 0.062472 782.274292 0.042034 0.074966 782.993408 0.030451 0.087460 785.072021 0.023421 0.099955 786.077881 0.017151 0.112449 786.910156 0.010931 0.124943 786.910156 0.000000
13 77 0.000000 0.987052
0.000000 676.052612 0.010383 0.012494 690.269043 0.015689 0.024989 668.830811 0.011156 0.037483 666.055603 0.010973 0.049977 665.485535 0.011819 0.062472 665.313721 0.011655 0.074966 663.726562 0.010156 0.099955 707.284241 0.063690 0.112449 706.925415 0.061844 0.124943 706.641235 0.063229 0.137438 706.498962 0.067386 0.149932 706.430664 0.071978 0.162426 706.506165 0.074882 0.174921 706.748474 0.075814 0.187415 706.894836 0.075269 0.199909 706.809814 0.073375 0.212404 706.716980 0.069995 0.224898 706.784973 0.065273 0.237392 706.849121 0.059749 0.249887 706.809265 0.054207 0.262381 706.829834 0.049467 0.274875 707.027832 0.045771 0.287370 707.249023 0.042800 0.299864 707.227417 0.040014 0.312358 706.914001 0.036754 0.324853 706.638550 0.032270 0.337347 706.778992 0.026333 0.349841 707.209290 0.019546 0.362336 708.169800 0.012488 0.399819 708.576355 0.010687 0.412313 705.598572 0.017965 0.424807 704.903320 0.024414 0.437302 704.620850 0.030050 0.449796 704.880188 0.035021 0.462290 705.430969 0.038726 0.474785 705.780640 0.039903 0.487279 705.844727 0.038103 0.499773 705.944092 0.034326 0.512268 706.041687 0.029882 0.524762 705.685364 0.025469 0.537256 704.840515 0.021452 0.549751 703.974915 0.018038 0.562245 703.202454 0.015421 0.574739 702.762512 0.014029 0.587234 703.300171 0.014210 0.599728 704.706665 0.015868 0.612222 705.765991 0.017934 0.624717 705.671326 0.018911 0.637211 705.076660 0.018636 0.649705 704.938599 0.017907 0.662200 705.396606 0.017230 0.674694 705.645691 0.016286 0.687188 704.608765 0.014766 0.699683 703.222900 0.013710 0.712177 703.116699 0.014135 0.724671 704.242981 0.016235 0.737166 705.346863 0.019280 0.749660 706.089722 0.022092 0.762154 706.603088 0.024230 0.774649 706.746704 0.025759 0.787143 706.655701 0.026697 0.799637 706.536499 0.026867 0.812132 706.329529 0.026352 0.824626 706.133423 0.025872 0.837120 706.337280 0.026176 0.849615 706.956543 0.027164 0.862109 707.585815 0.027917 0.874603 707.996582 0.027703 0.887097 708.297119 0.026701 0.899592 708.456299 0.025467 0.912086 708.294434 0.024181 0.924581 707.838867 0.022739 0.937075 707.355469 0.021079 0.949569 707.076477 0.019284 0.962063 707.126099 0.017466 0.974558 707.655640 0.015483 0.987052 709.722351 0.012782
14 82 0.000000 1.012041
0.000000 521.866760 0.032943 0.012494 518.487854 0.052752 0.024989 517.465332 0.072390 0.037483 518.421021 0.086949 0.049977 520.162781 0.094924 0.062472 521.293274 0.097116 0.074966 521.806458 0.097754 0.087460 521.934509 0.100983 0.099955 521.984924 0.105657 0.112449 522.358887 0.110094 0.124943 522.911194 0.114019 0.137438 523.220154 0.115600 0.149932 523.067871 0.112611 0.162426 522.741333 0.106471 0.174921 522.729065 0.100396 0.187415 523.113892 0.095968 0.199909 523.459045 0.093600 0.212404 523.585693 0.093571 0.224898 523.651184 0.095695 0.237392 523.644287 0.098737 0.249887 523.585327 0.101448 0.262381 523.674255 0.103463 0.274875 523.931335 0.105046 0.287370 524.075562 0.106570 0.299864 523.853943 0.108402 0.312358 523.306824 0.111300 0.324853 522.709229 0.115908 0.337347 522.317932 0.122068 0.349841 522.187683 0.128835 0.362336 522.232788 0.134478 0.374830 522.361572 0.136904 0.387324 522.384888 0.134993 0.399819 522.047119 0.129575 0.412313 521.341187 0.123541 0.424807 520.683655 0.120171 0.437302 520.446045 0.120618 0.449796 520.622314 0.122593 0.462290 520.940186 0.121679 0.474785 520.994995 0.114989 0.487279 520.556641 0.104270 0.499773 519.903564 0.094178 0.512268 519.498108 0.087197 0.524762 519.421143 0.082167 0.537256 519.614258 0.076453 0.549751 520.247498 0.068106 0.562245 521.406372 0.056578 0.574739 523.003662 0.042016 0.587234 527.635620 0.026082 0.599728 532.466980 0.018362 0.612222 531.333313 0.019270 0.624717 524.969299 0.030359 0.637211 523.406189 0.045939 0.649705 522.802734 0.060118 0.662200 522.248413 0.071906 0.674694 521.819519 0.079753 0.687188 521.449341 0.082135 0.699683 520.855591 0.079322 0.712177 519.982361 0.074270 0.724671 519.198853 0.070843 0.737166 518.982605 0.071238 0.749660 519.435181 0.075027 0.762154 520.196289 0.079991 0.774649 520.801331 0.083404 0.787143 521.150085 0.083681 0.799637 521.366333 0.081033 0.812132 521.538025 0.076857 0.824626 521.748840 0.072648 0.837120 522.109680 0.069237 0.849615 522.479187 0.066555 0.862109 522.540588 0.063873 0.874603 522.267029 0.060676 0.887097 521.850403 0.057018 0.899592 521.388550 0.053308 0.912086 521.041199 0.050208 0.924581 521.011902 0.048503 0.937075 521.222168 0.048792 0.949569 521.522034 0.050871 0.962063 521.934143 0.053812 0.974558 522.542542 0.056714 0.987052 523.210754 0.058145 0.999546 523.784912 0.054237 1.012041 524.181213 0.041425
15 7 0.000000 0.087460
0.000000 481.452271 0.012194 0.012494 485.172272 0.016987 0.037483 489.183685 0.022721 0.049977 484.531097 0.021352 0.062472 479.391510 0.020589 0.074966 468.668518 0.020196 0.087460 468.668518 0.000000
16 82 0.000000 1.012041
0.000000 427.869324 0.016912 0.012494 429.727356 0.028163 0.024989 432.356110 0.044883 0.037483 435.438080 0.070196 0.049977 437.165588 0.099370 0.062472 437.537689 0.124493 0.074966 437.794556 0.144558 0.087460 438.379578 0.159316 0.099955 438.917145 0.167448 0.112449 439.099426 0.170329 0.124943 439.179138 0.172559 0.137438 439.326141 0.176499 0.149932 439.399017 0.180353 0.162426 439.326752 0.182517 0.174921 439.248962 0.183578 0.187415 439.268219 0.184620 0.199909 439.353638 0.185515 0.212404 439.429779 0.185305 0.224898 439.392090 0.183419 0.237392 439.204346 0.180060 0.249887 439.053680 0.175788 0.262381 439.061188 0.171152 0.274875 439.051697 0.166857 0.287370 438.890839 0.163265 0.299864 438.680725 0.159994 0.312358 438.490448 0.156529 0.324853 438.295898 0.153256 0.337347 438.140503 0.150914 0.349841 438.068085 0.149734 0.362336 438.037231 0.149467 0.374830 438.074249 0.149376 0.387324 438.227295 0.148211 0.399819 438.377289 0.144893 0.412313 438.365875 0.139355 0.424807 438.239532 0.132518 0.437302 438.104156 0.125627 0.449796 437.992096 0.120022 0.462290 437.986389 0.116826 0.474785 438.139313 0.116493 0.487279 438.349976 0.119008 0.499773 438.570465 0.124324 0.512268 438.817291 0.131837 0.524762 438.977814 0.139598 0.537256 438.985748 0.145129 0.549751 438.906128 0.147099 0.562245 438.721741 0.145610 0.574739 438.361359 0.141477 0.587234 437.882385 0.135913 0.599728 437.438721 0.130287 0.612222 437.197815 0.125493 0.624717 437.328400 0.120932 0.637211 437.808167 0.115123 0.649705 438.373444 0.106665 0.662200 438.901917 0.094960 0.674694 439.630554 0.080576 0.687188 440.743591 0.065212 0.699683 442.060699 0.051059 0.712177 443.290863 0.040004 0.724671 444.402008 0.033154 0.737166 445.130951 0.030267 0.749660 445.055969 0.030400 0.762154 444.268433 0.033109 0.774649 443.110962 0.038398 0.787143 442.011627 0.046267 0.799637 441.172760 0.056178 0.812132 440.529846 0.067223 0.824626 440.116364 0.078647 0.837120 439.984528 0.090081 0.849615 439.961273 0.101299 0.862109 439.816620 0.112016 0.874603 439.604218 0.122238 0.887097 439.494324 0.132217 0.899592 439.462769 0.141887 0.912086 439.423157 0.150685 0.924581 439.378815 0.158194 0.937075 439.324463 0.164602 0.949569 439.264618 0.170335 0.962063 439.278473 0.175540 0.974558 439.351318 0.179438 0.987052 439.381531 0.175208 0.999546 439.356842 0.150575 1.012041 439.367950 0.102701
17 42 0.012494 0.524762
0.012494 2949.571777 0.010967 0.024989 2949.329834 0.015171 0.037483 2949.633789 0.016733 0.049977 2949.683105 0.018415 0.062472 2948.648682 0.022128 0.074966 2946.495361 0.026015 0.087460 2946.052979 0.027098 0.099955 2947.348633 0.025204 0.112449 2949.148193 0.022097 0.124943 2951.531738 0.017202 0.137438 2955.086914 0.012991 0.149932 2957.234131 0.012494 0.162426 2959.138672 0.014540 0.174921 2959.833984 0.017600 0.187415 2959.991211 0.021512 0.199909 2961.031738 0.025723 0.212404 2961.592773 0.030342 0.224898 2960.044922 0.034806 0.237392 2956.582520 0.038096 0.249887 2955.209717 0.033678 0.262381 2962.948730 0.022450 0.274875 2966.736328 0.017114 0.287370 2965.004883 0.015773 0.299864 2960.652588 0.019016 0.312358 2956.383545 0.021259 0.324853 2949.058105 0.021593 0.337347 2943.218994 0.023140 0.349841 2937.001953 0.025842 0.362336 2933.361816 0.030832 0.374830 2933.072754 0.032592 0.387324 2936.852539 0.029226 0.399819 2940.790283 0.025769 0.412313 2943.328613 0.024274 0.424807 2946.335938 0.023432 0.437302 2951.012939 0.022873 0.449796 2957.206543 0.027829 0.462290 2960.045410 0.031593 0.474785 2962.995850 0.028214 0.487279 2966.960938 0.021627 0.499773 2971.453613 0.015540 0.512268 2973.154785 0.010945 0.524762 2973.154785 0.000000
18 6 0.012494 0.074966
0.012494 2201.479248 0.014407 0.024989 2207.320801 0.015554 0.037483 2212.617432 0.013702 0.049977 2218.768066 0.011660 0.062472 2223.518799 0.010082 0.074966 2223.518799 0.000000
19 31 0.012494 0.412313
0.012494 2049.507812 0.013887 0.024989 2049.288818 0.017651 0.037483 2044.706177 0.018825 0.049977 2038.548706 0.020848 0.062472 2035.458984 0.021947 0.074966 2033.316040 0.022819 0.087460 2033.635620 0.022443 0.099955 2034.531494 0.020304 0.112449 2033.932007 0.015519 0.124943 2024.749512 0.010546 0.162426 2031.447021 0.011322 0.174921 2032.372925 0.016383 0.187415 2033.808350 0.022905 0.199909 2034.639404 0.027946 0.212404 2035.328857 0.029033 0.224898 2036.739014 0.026465 0.237392 2038.677979 0.022043 0.249887 2040.760986 0.017229 0.262381 2041.390869 0.013440 0.274875 2040.365723 0.011565 0.287370 2037.826050 0.011681 0.299864 2035.088501 0.012214 0.312358 2032.980347 0.012165 0.324853 2031.785156 0.011741 0.337347 2030.467896 0.012352 0.349841 2029.400879 0.014652 0.362336 2030.446045 0.016628 0.374830 2033.870239 0.016363 0.387324 2035.845703 0.014007 0.399819 2035.552368 0.010409 0.412313 2035.552368 0.000000
20 30 0.012494 0.387324
0.012494 1544.025391 0.010713 0.024989 1545.935547 0.012383 0.037483 1547.824829 0.010327 0.062472 1516.917236 0.015830 0.074966 1518.607178 0.018599 0.087460 1518.810669 0.021530 0.099955 1518.060303 0.025767 0.112449 1518.097534 0.029807 0.124943 1519.382202 0.031786 0.137438 1520.366821 0.032071 0.149932 1520.395630 0.031581 0.162426 1519.726440 0.031041 0.174921 1519.115234 0.030568 0.187415 1518.963989 0.029971 0.199909 1519.184448 0.029156 0.212404 1519.611694 0.027944 0.224898 1520.292236 0.026089 0.237392 1520.773804 0.023725 0.249887 1520.536255 0.021429 0.262381 1520.109863 0.019784 0.274875 1520.141113 0.018749 0.287370 1520.230469 0.018312 0.299864 1519.793457 0.018778 0.312358 1518.898438 0.020053 0.324853 1518.003052 0.021050 0.337347 1517.660522 0.020453 0.349841 1518.479370 0.017966 0.362336 1520.323853 0.014783 0.374830 1522.244751 0.011849 0.387324 1522.244751 0.000000
21 5 0.012494 0.062472
0.012494 1049.636230 0.014808 0.024989 1048.651978 0.017470 0.037483 1048.924561 0.015879 0.049977 1050.879028 0.011626 0.062472 1050.879028 0.000000
22 6 0.012494 0.074966
0.012494 938.559814 0.014536 0.024989 940.064148 0.018090 0.037483 940.913025 0.019053 0.049977 942.410217 0.017306 0.062472 943.647827 0.013831 0.074966 943.647827 0.000000
23 8 0.012494 0.099955
0.012494 579.735962 0.019483 0.024989 583.901489 0.021203 0.037483 587.063904 0.020565 0.049977 589.669128 0.018327 0.062472 592.060059 0.015465 0.074966 596.142273 0.012573 0.087460 601.505615 0.010255 0.099955 601.505615 0.000000
24 4 0.024989 0.062472
0.024989 4181.639648 0.011723 0.037483 4179.974609 0.012382 0.049977 4179.925293 0.010877 0.062472 4179.925293 0.000000
25 31 0.024989 0.412313
0.024989 3564.533203 0.012458 0.037483 3563.299072 0.016600 0.049977 3563.721191 0.021812 0.062472 3564.082031 0.027848 0.074966 3562.768555 0.033421 0.087460 3560.596191 0.039323 0.099955 3558.689697 0.046694 0.112449 3557.327148 0.054258 0.124943 3556.816895 0.058686 0.137438 3557.280029 0.057654 0.149932 3558.060547 0.052089 0.162426 3558.180908 0.044252 0.174921 3556.977051 0.036889 0.187415 3555.625000 0.033539 0.199909 3555.897461 0.034106 0.212404 3558.028320 0.035891 0.224898 3558.864502 0.034648 0.237392 3555.406738 0.027992 0.249887 3549.623535 0.022918 0.262381 3544.025879 0.018304 0.274875 3540.156250 0.014431 0.287370 3539.916748 0.012561 0.299864 3562.673584 0.013186 0.312358 3561.030762 0.013381 0.324853 3563.209229 0.012308 0.337347 3564.105713 0.010851 0.362336 3553.371582 0.011083 0.374830 3576.252930 0.013083 0.387324 3574.488770 0.015130 0.399819 3580.731201 0.012565 0.412313 3580.731201 0.000000
26 10 0.024989 0.137438
0.024989 2609.378174 0.014057 0.037483 2609.743164 0.016636 0.049977 2609.205078 0.017827 0.062472 2608.505615 0.018578 0.074966 2609.202393 0.018367 0.087460 2611.570312 0.016881 0.099955 2612.779053 0.014915 0.112449 2612.556885 0.013087 0.124943 2612.714600 0.011527 0.137438 2612.714600 0.000000
27 4 0.024989 0.062472
0.024989 1427.585449 0.010895 0.037483 1423.626343 0.013284 0.049977 1423.495972 0.012620 0.062472 1423.495972 0.000000
28 5 0.024989 0.074966
0.024989 1090.318848 0.010137 0.037483 1095.294922 0.011513 0.049977 1101.600952 0.012776 0.062472 1102.446411 0.012032 0.074966 1102.446411 0.000000
29 4 0.024989 0.062472
0.024989 738.905396 0.023429 0.037483 735.300354 0.023674 0.049977 753.056274 0.017030 0.062472 753.056274 0.000000
30 7 0.024989 0.099955
0.024989 698.113708 0.025524 0.037483 703.242432 0.038565 0.049977 707.286499 0.053158 0.062472 709.505737 0.065177 0.074966 709.125366 0.069026 0.087460 707.994385 0.067016 0.099955 707.994385 0.000000
31 7 0.037483 0.112449
0.037483 3386.249756 0.011498 0.049977 3387.957031 0.013309 0.062472 3388.512939 0.014405 0.074966 3387.584229 0.014282 0.087460 3386.874756 0.013164 0.099955 3386.845703 0.011461 0.112449 3386.845703 0.000000
32 18 0.037483 0.249887
0.037483 2780.604248 0.012566 0.049977 2780.999512 0.015219 0.062472 2782.972168 0.016472 0.074966 2783.177734 0.016240 0.087460 2781.716064 0.015175 0.099955 2780.525146 0.014516 0.112449 2780.094971 0.014220 0.124943 2780.149170 0.014110 0.137438 2781.062012 0.013822 0.149932 2782.314941 0.013221 0.162426 2782.673340 0.012389 0.174921 2782.419189 0.011804 0.187415 2782.341553 0.011697 0.199909 2783.097412 0.011565 0.212404 2784.872559 0.011267 0.224898 2786.138916 0.011140 0.237392 2785.457520 0.010697 0.249887 2785.457520 0.000000
33 5 0.037483 0.087460
0.037483 2178.314209 0.010266 0.049977 2177.107422 0.010243 0.062472 2177.562012 0.010480 0.074966 2178.843506 0.010820 0.087460 2178.843506 0.000000
34 5 0.037483 0.087460
0.037483 838.318237 0.017336 0.049977 836.850769 0.013140 0.062472 823.208801 0.012299 0.074966 812.997803 0.010623 0.087460 812.997803 0.000000
35 4 0.049977 0.099955
0.049977 2343.350586 0.013499 0.062472 2341.280029 0.012744 0.087460 2356.789795 0.040313 0.099955 2356.789795 0.000000
36 8 0.074966 0.162426
0.074966 3229.803223 0.011871 0.087460 3228.945068 0.013654 0.099955 3227.783447 0.013861 0.112449 3226.796387 0.013191 0.124943 3226.243652 0.012550 0.137438 3225.964355 0.012056 0.149932 3225.269531 0.011273 0.162426 3225.269531 0.000000
37 5 0.112449 0.174921
0.112449 1212.021118 0.021551 0.137438 1201.723511 0.028840 0.149932 1189.918213 0.030372 0.162426 1188.173340 0.036153 0.174921 1188.173340 0.000000
38 8 0.137438 0.274875
0.137438 2927.300537 0.012135 0.149932 2924.641602 0.015712 0.162426 2923.763672 0.015285 0.174921 2920.707031 0.011076 0.212404 2933.309326 0.013571 0.224898 2934.717041 0.020433 0.262381 2946.279053 0.018353 0.274875 2946.279053 0.000000
39 5 0.149932 0.199909
0.149932 4182.396484 0.011837 0.162426 4180.719238 0.013431 0.174921 4177.901367 0.012415 0.187415 4176.884277 0.010707 0.199909 4176.884277 0.000000
40 9 0.149932 0.262381
0.149932 3385.826416 0.011132 0.162426 3384.462402 0.012143 0.174921 3385.204102 0.011604 0.187415 3387.693848 0.010212 0.212404 3390.140869 0.010795 0.224898 3389.710693 0.012978 0.237392 3388.192139 0.014180 0.249887 3385.670166 0.012947 0.262381 3385.670166 0.000000
41 14 0.187415 0.349841
0.187415 2652.038818 0.010471 0.199909 2652.936035 0.015021 0.212404 2654.239990 0.018431 0.224898 2655.006104 0.019845 0.237392 2655.009033 0.019230 0.249887 2655.590088 0.017121 0.262381 2658.324219 0.014615 0.274875 2661.127686 0.013329 0.287370 2662.554443 0.012752 0.299864 2662.462158 0.012613 0.312358 2661.452637 0.012886 0.324853 2660.216064 0.012871 0.337347 2659.949707 0.011338 0.349841 2659.949707 0.000000
42 14 0.187415 0.437302
0.187415 2333.019043 0.012129 0.199909 2330.710693 0.012190 0.237392 2348.179932 0.029705 0.249887 2341.782959 0.028636 0.262381 2343.532959 0.038397 0.299864 2331.136719 0.016463 0.312358 2333.561768 0.019485 0.337347 2334.350830 0.023005 0.349841 2332.651611 0.026548 0.362336 2349.127930 0.064040 0.399819 2347.310303 0.053154 0.412313 2346.598877 0.044211 0.424807 2346.728516 0.064062 0.437302 2346.728516 0.000000
43 4 0.187415 0.249887
0.187415 1830.069458 0.011514 0.199909 1833.191406 0.015163 0.237392 1807.418823 0.032546 0.249887 1807.418823 0.000000
44 4 0.212404 0.249887
0.212404 2612.334229 0.011582 0.224898 2612.734619 0.012761 0.237392 2612.504395 0.012388 0.249887 2612.504395 0.000000
45 5 0.249887 0.299864
0.249887 4176.879883 0.010234 0.262381 4180.326172 0.011425 0.274875 4183.344727 0.012159 0.287370 4181.010742 0.010281 0.299864 4181.010742 0.000000
46 4 0.274875 0.312358
0.274875 3564.852295 0.010071 0.287370 3566.929443 0.012549 0.299864 3545.681396 0.011654 0.312358 3545.681396 0.000000
47 8 0.274875 0.362336
0.274875 2073.674072 0.011672 0.287370 2072.730957 0.012866 0.299864 2070.817627 0.013633 0.312358 2069.709717 0.014552 0.324853 2069.490967 0.015166 0.337347 2068.591797 0.014201 0.349841 2066.899902 0.011479 0.362336 2066.899902 0.000000
48 9 0.287370 0.412313
0.287370 2392.671143 0.018670 0.324853 2403.066162 0.018137 0.337347 2407.171387 0.013578 0.349841 2410.508789 0.012509 0.362336 2405.443115 0.013635 0.374830 2381.949707 0.082731 0.387324 2387.254639 0.073889 0.399819 2366.865723 0.063238 0.412313 2366.865723 0.000000
49 57 0.299864 0.999546
0.299864 223.043945 0.010210 0.312358 222.928055 0.010521 0.324853 223.036667 0.010723 0.337347 223.005356 0.010934 0.349841 222.763153 0.011180 0.362336 222.600830 0.011364 0.374830 222.675537 0.011432 0.387324 222.805435 0.011481 0.399819 222.717209 0.011576 0.412313 222.423691 0.011676 0.424807 222.073792 0.011693 0.437302 221.711533 0.011584 0.449796 221.420547 0.011428 0.462290 221.449570 0.011352 0.474785 221.715851 0.011419 0.487279 221.770493 0.011610 0.499773 221.525940 0.011882 0.512268 221.325745 0.012170 0.524762 221.194199 0.012366 0.537256 220.910339 0.012461 0.549751 220.553741 0.012542 0.562245 220.443802 0.012743 0.574739 220.579117 0.013258 0.587234 220.809280 0.014206 0.599728 221.119034 0.015507 0.612222 221.463562 0.016921 0.624717 221.720459 0.018188 0.637211 221.845093 0.019114 0.649705 221.859802 0.019651 0.662200 221.841492 0.019875 0.674694 221.859421 0.019889 0.687188 221.949326 0.019754 0.699683 222.068817 0.019514 0.712177 222.152481 0.019176 0.724671 222.206848 0.018684 0.737166 222.209351 0.017992 0.749660 222.101425 0.017173 0.762154 221.985474 0.016404 0.774649 222.011154 0.015759 0.787143 222.078659 0.015165 0.799637 222.003159 0.014565 0.812132 221.856003 0.014022 0.824626 221.869293 0.013580 0.837120 221.986267 0.013211 0.849615 221.975204 0.012880 0.862109 221.886368 0.012588 0.874603 221.940903 0.012389 0.887097 222.054398 0.012390 0.899592 222.034775 0.012605 0.912086 221.972961 0.012868 0.924581 222.084000 0.013031 0.937075 222.322128 0.013116 0.949569 222.452057 0.013193 0.962063 222.366577 0.013267 0.974558 222.097992 0.013205 0.987052 221.302094 0.012370 0.999546 219.213928 0.010102
50 5 0.312358 0.387324
0.312358 1811.335938 0.038698 0.324853 1807.465576 0.027197 0.362336 1810.656982 0.032222 0.374830 1808.174927 0.039768 0.387324 1808.174927 0.000000
51 8 0.362336 0.449796
0.362336 2972.218018 0.014902 0.374830 2971.779053 0.018206 0.387324 2971.772949 0.017742 0.399819 2971.302734 0.015532 0.412313 2973.559082 0.012918 0.424807 2974.996338 0.011978 0.437302 2970.442627 0.013739 0.449796 2970.442627 0.000000
52 8 0.362336 0.449796
0.362336 1694.443115 0.011130 0.374830 1691.724854 0.014580 0.387324 1691.070679 0.016900 0.399819 1691.106689 0.018576 0.412313 1690.475830 0.018075 0.424807 1686.368652 0.014777 0.437302 1684.478638 0.011579 0.449796 1684.478638 0.000000
53 6 0.362336 0.474785
0.362336 1172.272583 0.023517 0.374830 1172.826172 0.025017 0.412313 1171.766235 0.018113 0.449796 1174.783569 0.018867 0.462290 1176.957642 0.021326 0.474785 1176.957642 0.000000
54 4 0.362336 0.399819
0.362336 888.947510 0.057194 0.374830 890.565674 0.049280 0.387324 884.891663 0.052403 0.399819 884.891663 0.000000
55 5 0.374830 0.424807
0.374830 2608.249023 0.011812 0.387324 2610.249512 0.013947 0.399819 2612.050049 0.014853 0.412313 2612.014160 0.012380 0.424807 2612.014160 0.000000
56 12 0.412313 0.612222
0.412313 1871.962402 0.012517 0.424807 1870.999878 0.016552 0.437302 1869.659058 0.015482 0.449796 1872.108276 0.010757 0.487279 1841.314697 0.018669 0.512268 1830.906372 0.043362 0.524762 1835.677612 0.042595 0.537256 1832.538818 0.049098 0.574739 1837.973267 0.029730 0.587234 1841.472900 0.022430 0.599728 1840.509644 0.022314 0.612222 1840.509644 0.000000
57 4 0.437302 0.474785
0.437302 2081.464600 0.010735 0.449796 2077.324707 0.011337 0.462290 2074.080811 0.010208 0.474785 2074.080811 0.000000
58 4 0.437302 0.474785
0.437302 1524.538696 0.012319 0.449796 1523.608032 0.012730 0.462290 1525.361450 0.010299 0.474785 1525.361450 0.000000
59 23 0.449796 0.749660
0.449796 2391.636230 0.016762 0.487279 2377.058350 0.068421 0.499773 2359.081299 0.048221 0.512268 2359.393799 0.040201 0.524762 2376.727783 0.034743 0.537256 2382.460693 0.027575 0.549751 2383.144531 0.023609 0.562245 2370.044922 0.029382 0.574739 2368.235840 0.045545 0.587234 2372.294922 0.055472 0.599728 2375.248779 0.060542 0.612222 2374.539551 0.051117 0.624717 2366.596191 0.038156 0.637211 2367.141602 0.027583 0.649705 2361.953125 0.024476 0.662200 2388.569092 0.032106 0.674694 2385.779297 0.041207 0.687188 2383.600586 0.051941 0.699683 2385.831787 0.051011 0.712177 2391.360352 0.038339 0.724671 2393.772461 0.023431 0.737166 2389.302490 0.013699 0.749660 2389.302490 0.000000
60 45 0.449796 1.012041
0.449796 2346.627930 0.126200 0.474785 2354.154785 0.131663 0.487279 2356.503906 0.088217 0.499773 2382.676514 0.054854 0.512268 2337.275146 0.055152 0.524762 2341.725342 0.065351 0.537256 2343.476807 0.074371 0.549751 2342.464600 0.075968 0.562245 2342.057861 0.081685 0.574739 2342.380371 0.089130 0.587234 2342.476807 0.088399 0.599728 2342.919678 0.078803 0.612222 2343.904785 0.067064 0.624717 2343.596924 0.055053 0.637211 2342.947266 0.044682 0.649705 2345.403320 0.039484 0.662200 2351.647217 0.041426 0.674694 2361.228760 0.036130 0.687188 2344.545166 0.022747 0.699683 2344.390869 0.020783 0.712177 2349.744385 0.030368 0.724671 2351.163818 0.045602 0.737166 2353.010742 0.054104 0.749660 2356.890137 0.050692 0.762154 2375.271484 0.038989 0.774649 2380.528076 0.038384 0.787143 2382.137939 0.033145 0.799637 2381.495605 0.023513 0.812132 2384.005859 0.013713 0.824626 2386.817139 0.010828 0.837120 2384.600586 0.014672 0.849615 2369.397461 0.026787 0.862109 2365.055420 0.040513 0.874603 2365.749756 0.042970 0.887097 2370.707520 0.035486 0.899592 2374.266602 0.030865 0.912086 2376.843262 0.028938 0.924581 2377.908447 0.028030 0.937075 2375.459229 0.026215 0.949569 2366.507568 0.029640 0.962063 2363.965088 0.039787 0.974558 2363.776123 0.048686 0.987052 2363.855225 0.054714 0.999546 2364.121094 0.050898 1.012041 2364.769287 0.035499
61 4 0.474785 0.512268
0.474785 2030.827637 0.011531 0.487279 2028.328857 0.012560 0.499773 2028.345581 0.010944 0.512268 2028.345581 0.000000
62 5 0.487279 0.537256
0.487279 1197.237671 0.020807 0.499773 1201.140869 0.016733 0.512268 1202.254883 0.013859 0.524762 1202.912598 0.011852 0.537256 1202.912598 0.000000
63 10 0.499773 0.624717
0.499773 2934.547852 0.010626 0.512268 2932.804199 0.014055 0.524762 2934.219482 0.015428 0.537256 2934.067871 0.013962 0.549751 2930.483398 0.011043 0.562245 2927.218018 0.010299 0.574739 2925.038330 0.010158 0.599728 2953.947998 0.013664 0.612222 2949.075439 0.011343 0.624717 2949.075439 0.000000
64 4 0.512268 0.549751
0.512268 1524.908936 0.011186 0.524762 1523.365234 0.012312 0.537256 1522.620361 0.011308 0.549751 1522.620361 0.000000
65 6 0.524762 0.587234
0.524762 2404.947021 0.018912 0.537256 2405.319824 0.021904 0.549751 2399.911133 0.023637 0.562245 2399.634277 0.019463 0.574739 2393.342529 0.013860 0.587234 2393.342529 0.000000
66 6 0.537256 0.599728
0.537256 1301.986938 0.016113 0.549751 1298.584961 0.013183 0.562245 1301.366577 0.013683 0.574739 1300.562256 0.015142 0.587234 1301.897339 0.017209 0.599728 1301.897339 0.000000
67 4 0.562245 0.599728
0.562245 2969.830322 0.013176 0.574739 2967.201660 0.016002 0.587234 2962.059814 0.016010 0.599728 2962.059814 0.000000
68 4 0.599728 0.637211
0.599728 1201.876343 0.013706 0.612222 1201.782104 0.018409 0.624717 1197.220093 0.025490 0.637211 1197.220093 0.000000
69 4 0.624717 0.662200
0.624717 2390.050049 0.032403 0.637211 2392.425293 0.026871 0.649705 2391.661133 0.027292 0.662200 2391.661133 0.000000
70 22 0.637211 0.912086
0.637211 1199.170288 0.028515 0.649705 1198.870605 0.027220 0.674694 1190.068237 0.023602 0.687188 1190.268555 0.022765 0.699683 1190.714844 0.026230 0.712177 1190.767334 0.031654 0.724671 1190.620239 0.033103 0.737166 1191.704102 0.027229 0.749660 1196.478760 0.019268 0.762154 1197.421753 0.016796 0.774649 1192.769653 0.018837 0.787143 1182.562134 0.023786 0.799637 1178.886475 0.022361 0.812132 1176.388428 0.020035 0.824626 1176.046143 0.019330 0.837120 1177.449463 0.019695 0.849615 1178.339844 0.019354 0.862109 1178.121582 0.017551 0.874603 1177.484131 0.015184 0.887097 1176.893311 0.012941 0.899592 1176.669678 0.010938 0.912086 1176.669678 0.000000
71 6 0.649705 0.712177
0.649705 2318.939209 0.013224 0.662200 2317.078369 0.014500 0.674694 2317.698242 0.014327 0.687188 2317.593018 0.013103 0.699683 2315.510742 0.010442 0.712177 2315.510742 0.000000
72 9 0.649705 0.749660
0.649705 1827.311523 0.050476 0.662200 1833.545166 0.035453 0.674694 1832.197876 0.028845 0.687188 1829.185669 0.031198 0.699683 1830.489502 0.033242 0.712177 1831.463379 0.032301 0.724671 1830.121948 0.026559 0.737166 1829.921387 0.017975 0.749660 1829.921387 0.000000
73 9 0.712177 0.837120
0.712177 2930.960449 0.012327 0.724671 2929.936768 0.015749 0.737166 2930.761475 0.016587 0.749660 2930.407227 0.014042 0.762154 2929.324951 0.010525 0.799637 2930.714600 0.011662 0.812132 2929.298096 0.012274 0.824626 2927.930664 0.010744 0.837120 2927.930664 0.000000
74 12 0.724671 0.949569
0.724671 2373.344238 0.017389 0.762154 2355.614990 0.033975 0.774649 2353.109619 0.019004 0.812132 2333.373779 0.014172 0.824626 2332.352539 0.016591 0.837120 2328.080078 0.015199 0.849615 2327.127686 0.013298 0.862109 2332.034180 0.012002 0.887097 2350.871582 0.025658 0.924581 2347.626221 0.018601 0.937075 2350.813965 0.019265 0.949569 2350.813965 0.000000
75 8 0.749660 0.849615
0.749660 1833.600586 0.013340 0.762154 1831.785767 0.017379 0.787143 1810.495972 0.040225 0.799637 1803.211670 0.029480 0.812132 1801.814941 0.024624 0.824626 1806.982422 0.020133 0.837120 1809.346191 0.014655 0.849615 1809.346191 0.000000
76 4 0.749660 0.787143
0.749660 1177.319580 0.015095 0.762154 1174.940186 0.014880 0.774649 1179.238037 0.018638 0.787143 1179.238037 0.000000
77 12 0.774649 0.912086
0.774649 2034.069946 0.010584 0.787143 2031.099487 0.014210 0.799637 2031.037231 0.017003 0.812132 2031.845459 0.017589 0.824626 2032.769409 0.016510 0.837120 2034.260376 0.015508 0.849615 2035.989990 0.015999 0.862109 2036.618164 0.016962 0.874603 2036.312744 0.016724 0.887097 2036.302856 0.014925 0.899592 2036.596924 0.012364 0.912086 2036.596924 0.000000
78 4 0.787143 0.849615
0.787143 2352.067627 0.012193 0.799637 2340.606934 0.010254 0.837120 2345.955566 0.012619 0.849615 2345.955566 0.000000
79 4 0.787143 0.824626
0.787143 1516.817505 0.010269 0.799637 1516.667847 0.010661 0.812132 1515.893799 0.010044 0.824626 1515.893799 0.000000
80 4 0.874603 0.912086
0.874603 1320.847412 0.030630 0.887097 1327.492432 0.028277 0.899592 1326.778564 0.031652 0.912086 1326.778564 0.000000
81 1 0.987052 0.987052
0.987052 1519.241333 0.010223
